			Q = 2
F	Time		Space		States	sizeof(state)		
6	0m0.097s	15,751,891	12	82
7	0m0.098s	15,891,278	13	84
8	0m0.097s	16,039,265	14	86
9	0m0.100s	16,196,255	15	88
10	0m0.103s	16,362,194	16	90
11	0m0.100s	16,541,056	17	92	
---------------------------------------------------
			Q = 4
F	Time		Space		States	sizeof(state)		
6	0m0.112s	18,562,063	12	156
7	0m0.114s	19,390,620	13	160
8	0m0.127s	20,277,169	14	164
9	0m0.125s	21,221,881	15	168
10	0m0.129s	22,225,166	16	172
11	0m0.142s	23,290,766	17	176	
---------------------------------------------------
			Q = 6
F	Time		Space		States	sizeof(state)		
6	0m0.163s	30,301,299	12	230
7	0m0.188s	34,848,306	13	236
8	0m0.219s	39,735,545	14	242
9	0m0.250s	44,963,187	15	248
10	0m0.261s	50,531,642	16	254
11	0m0.292s	56,444,652	17	260	
---------------------------------------------------
			Q = F
F	Time		Space		States	sizeof(state)		
6	0m0.176s	30,301,299	12	230
7	0m0.435s	73,063,883	13	274
8	0m0.869s	146,675,095	14	320
9	0m1.708s	323,606,664	15	368
10	0m3.637s	751,293,561	16	418
11	0m8.755s	1,781,741,902	17	470	
---------------------------------------------------
